-0.158412256998145
1.38287220064473
-0.209895281260818
-0.572980302115922
1.95854030483549
0.126191230099411
-0.310158695793061
0.814136392216012
0.797412531705651
0.588914833849808
-2.28944551592273
-0.371282151443342
0.333800598919324
0.0620271620327585
0.722516838285405
0.200027041568875
-0.843606898426620
-0.139357030178501
0.489476717819929
0.0605737796618419
0.0619508640020865
0.904693179786442
0.416966423367987
-0.524235323395577
-0.179309604066466
0.0721280243034088
-0.580514850900404
-0.281286542620719
1.33516499422685
0.753497754608895
-0.624781928745442
-1.25576670309650
-1.43434264548999
0.977672205222043
1.16943806063555
2.74258412979276
0.385509847198132
-0.538901009377136
-0.701810529072608
0.394794161905591
-0.0381662742368072
0.866226038681138
0.0797375646168566
0.483417613513285
0.151604272298270
-0.0510255548998004
-1.05000441818034
-0.966502693208633
0.955221062543768
-0.813677963367422
-1.10848893912945
-0.161046094359325
-0.807856591678628
0.523784420762220
-0.394224079711332
0.657739939973868
0.411943194424234
0.301296694363985
-0.687451153523507
-0.219305402344723
-0.636004114185726
1.74039592754883
-0.316164657419384
-1.95252404607159
0.740622137266067
-0.449597492863894
0.342658308414651
-0.210462002619495
-0.472829430920038
-1.62499416923157
0.111374904652841
-0.450721262085528
-1.06823346493069
0.700428642331171
-1.35372599451338
-0.657959849051586
1.10258122532628
-1.09325114830328
-1.10599930372509
-1.57887056470634
-1.87862397870836
-0.144085164405448
-1.12579889295770
-0.291144876819042
-1.68106903389945
-0.498398207548050
-0.984426878294562
-3.63668067689241
-0.113639602695849
1.34936933807186
0.528700532074931
0.0944214073440013
0.262093223219166
-0.484054399476024
0.785140854379619
-0.814844281716219
-0.942447345069947
0.0812780020761973
0.599116987845060