0.908524187375665
-2.22073079410784
-0.239056201052143
0.0687352468307848
-2.02018290168851
-0.364083829830315
-0.0812500014037365
-1.97973028182033
0.788167193480996
0.736638094797110
0.955327180746027
1.92949893472874
-0.745305526682762
-0.898416131720094
-3.26254927987005
-0.0300166125398998
0.613413722349468
1.04458933092181
-0.807349930960073
0.205943619152716
-0.964597817506191
-1.52538547759107
0.0903770894361085
-0.482897054459851
1.28826908978176
1.40550001598790
1.57572292673937
-1.11140064510556
-2.19353143207334
0.162310874866768
-0.705606032261526
0.384092455696878
-0.419431583179734
0.704069494037086
-2.31099579126420
1.82556401147496
0.490920271687210
-0.0380247955610275
0.589152169221881
0.698020886930666
-0.329531460746959
0.941030957613362
0.456574963949644
0.371725890602636
-0.257125293223293
-0.0990093619648954
1.32295171716036
1.90870179986774
0.492920733303402
0.290121031818275
0.159388961308892
-1.15621620871176
0.342148033584937
0.179527624059157
0.485929779365798
-1.46015721680462
0.233505704459623
2.11404307331906
-0.0589502468849581
1.99493203579277
0.308031086849371
-0.157140440365424
0.720379702543757
-0.334446995560794
-0.463827599103253
0.894344218518081
0.639167966957697
1.08257579538170
-0.586843408117077
-0.152379307779840
0.370810154865487
1.37023030501310
-0.346590262567900
-1.73598395760783
-0.451921315827177
2.29017891370745
0.279971573065087
0.0506953663223516
-0.481797068634545
0.989439078014134
0.427857103060935
-0.851279384023907
1.17251510620883
-1.25933112945690
-1.36605026021208
-0.00797378399451859
-0.557754991659929
0.462961336898865
0.157916739186016
0.358213373359716
0.653841998404067
-0.679511818594794
0.800966585472641
-0.467517551673642
-0.542357486752985
0.811385276942352
0.952052065526582
1.83898735980852
-0.444460620764922